1,7.8,18.2,51.7,22.3,74
1,5.7,10.3,61.1,22.8,84
1,2,10.9,62.3,24.8,87.1
1,0.9,7.2,65.4,26.5,91.9
1,10.3,29.7,32.2,27.8,60
1,9.4,29.9,38.6,22,60.7
1,8.1,31.4,43.1,17.4,60.5
1,8.9,21,47.2,22.9,70.1
1,7.8,19.2,50.7,22.2,72.9
1,5.2,17.6,53.5,23.7,77.2
1,6.5,10.6,48.8,34,82.9
1,6.5,31.9,34.7,26.9,61.6
1,6.2,27.5,34.2,32,66.2
1,3.7,26.6,36,33.7,69.7
1,13.8,29.2,43.5,13.5,57
1,7.7,22.4,50.5,19.4,69.9
1,4.7,14.7,57.1,23.5,80.6
1,1.6,12.3,53,33,86.1
1,8.6,32.7,33.3,25.4,58.7
1,7.4,28.1,36.3,28.1,64.5
1,8.8,26.2,30.5,34.4,65
1,12.7,27.2,43,17.1,60.1
1,11.1,22.1,46,20.8,66.8
1,9.1,19.4,43.4,28.1,71.5
1,4.6,16.5,47.4,31.5,78.9
1,9.2,33.1,26.3,31.3,57.7
1,9.7,29.6,29,31.8,60.7
1,8.3,28.7,28.6,34.4,63
1,15.8,37.1,33.7,13.3,47.1
1,7.5,36.9,38.7,16.8,55.6
1,3.8,19.7,51.3,25.2,76.5
1,2.3,16.1,51.5,30.1,81.5
1,10.2,29.4,26.7,33.6,60.3
1,8.1,26.5,27.4,38,65.4
1,8.5,27.5,25.9,38.1,63.9
1,20.2,39.6,31.7,8.5,40.2
1,18.6,31.5,36.6,13.3,49.9
1,7.4,30.9,44.1,17.6,61.7
1,5.8,21,54.7,18.5,73.1
1,16.1,37.9,26.1,19.8,46
1,10.4,36.2,29.7,23.7,53.4
1,7.6,27.4,37.4,27.6,65
1,13.2,28.7,41.8,16.4,58.1
1,9.8,24,47,19.1,66.1
1,5.4,19,51.9,23.8,75.6
1,3.6,13.9,53.6,28.9,82.4
1,10.2,32.5,29.9,27.4,57.3
1,8.6,29.7,32.6,29.1,61.7
1,7.5,28,33.6,30.9,64.5
2,3.5,7.4,51.2,37.9,89.1
2,1.5,4.7,49.8,43.9,93.7
2,1,4,54.2,40.8,95
2,0.4,2.9,59.5,37.1,96.6
2,3.9,16.4,39.1,40.6,79.7
2,3.3,16.2,51.2,29.3,80.5
2,4.4,17.4,53.9,24.2,78.2
2,3,9.2,47.3,40.4,87.8
2,3.3,7.4,43.2,46.2,89.4
2,1.6,4.6,42.9,50.9,93.8
2,1.8,4,31.5,62.7,94.2
2,3.2,14.7,32.5,49.6,82.1
2,2.4,11.7,32.4,53.4,85.9
2,2.8,11.1,29,57.1,86.1
2,5.1,11.8,47.8,35.2,83
2,3.4,9.7,47,39.9,86.9
2,1.9,6.9,42.2,49,91.2
2,0.8,3.8,37,58.3,95.4
2,3.6,14,35.4,47.1,82.4
2,3.2,13.6,34.3,48.8,83.1
2,4.1,13,29.5,53.4,82.9
2,8,17.2,50.4,24.4,74.8
2,5.6,15,49.2,30.1,79.3
2,3.5,11.5,46.9,38.1,85
2,2,8.3,46.6,43.1,89.7
2,5.7,20,31.9,42.4,74.3
2,4.7,16.4,29,49.8,78.8
2,5.3,14.5,27,53.2,80.2
2,7.2,23.3,50.9,18.5,69.4
2,3,18.3,47.8,30.9,78.7
2,2.1,12,49,37,85.9
2,0.4,7.1,48.7,43.8,92.5
2,4.7,20.5,31.5,43.2,74.8
2,4.2,17.7,25.8,52.3,78.1
2,5.7,14.6,23.4,56.3,79.7
2,8.3,24.2,48,19.5,67.4
2,7.3,25,51.3,16.4,67.7
2,3.4,17.3,54.9,24.4,79.3
2,1.7,12,57.8,28.4,86.3
2,5.4,24.7,39.4,30.5,70
2,4.6,19.9,40.7,34.7,75.4
2,4.3,20.9,38.6,36.2,74.9
2,5.9,15.6,49.3,29.3,78.5
2,4,13.3,48.1,34.7,82.7
2,2.2,9.3,48.4,40.1,88.5
2,1.2,6.3,47,45.6,92.6
2,4.4,18.3,35,42.4,77.3
2,3.7,15.9,35.8,44.6,80.4
2,4.4,15.2,34,46.4,80.4
3,7.7,17.2,51.5,23.6,75.1
3,4.4,12.3,55,28.3,83.3
3,2.3,10.1,61.6,26,87.6
3,1.3,7,65.4,26.3,91.7
3,11.6,32.5,31.3,24.7,56
3,7.2,28.8,42.5,21.5,64
3,8.1,25,45.8,21.1,66.9
3,10.3,17.1,44.6,28,72.6
3,5.7,16.8,43.7,33.8,77.5
3,5.2,12.4,50.3,32.2,82.4
3,4.4,8.7,47.2,39.7,86.8
3,6.4,30.5,29.8,33.3,63.1
3,4.5,26.5,32.1,36.8,68.9
3,4.6,21.8,34.4,39.2,73.6
3,12.1,23.7,43,21.2,64.3
3,6.4,20.6,51.4,21.5,72.9
3,4.4,15,49.8,30.8,80.6
3,2.7,10.4,47.8,39.2,87
3,5.4,30.9,33.9,29.8,63.7
3,5.9,28.7,34.5,30.9,65.4
3,7.4,25.1,31.5,36,67.5
3,16.3,27.1,38.8,17.8,56.6
3,8.6,20.7,47,23.7,70.7
3,6.5,20,48.1,25.4,73.5
3,4.3,14.7,47.3,33.7,81
3,9.3,30.4,29,31.3,60.3
3,6.3,25,30.9,37.8,68.8
3,6.6,24.5,28.2,40.7,68.9
3,15.2,37.5,34.8,12.6,47.3
3,8.7,31.4,39,21,60
3,3.3,21.3,49.6,25.8,75.4
3,1.5,14.7,55,28.8,83.8
3,6.9,30.4,28.1,34.6,62.7
3,8,26.4,28,37.6,65.6
3,7.9,22.3,27.6,42.2,69.8
3,16.3,38.4,35.6,9.7,45.3
3,12.2,32.1,44.1,11.5,55.7
3,10.9,31.4,42.4,15.4,57.7
3,3.1,19.6,58.8,18.5,77.3
3,10.9,35.5,34.6,19,53.6
3,8.9,29.5,38.3,23.3,61.6
3,6.5,33.2,35.6,24.7,60.3
3,13,27.1,41.3,18.6,59.9
3,7.7,22.4,46.7,23.2,69.9
3,5.5,18.4,50.3,25.8,76.1
3,2.9,12.4,53.7,31,84.7
3,8.4,31.7,31.1,28.7,59.9
3,6.7,27.5,34.5,31.2,65.7
3,6.8,25.2,33.9,34,68
4,10.3,20.5,51.1,18.1,69.1
4,7.5,14.6,54.8,23.1,77.9
4,3.3,12.5,65.9,18.3,84.2
4,1.1,6.4,69.7,22.7,92.4
4,12.8,38.1,32.5,16.6,49.1
4,13.2,38.4,39.7,8.6,48.4
4,7.9,35.8,46.9,9.4,56.3
4,10.1,22.8,53.5,13.6,67.1
4,10.2,25.3,49.5,15,64.5
4,6.8,18.5,55.9,18.8,74.7
4,4.7,13.6,50.3,31.5,81.8
4,6.9,37.5,37.4,18.2,55.6
4,5.9,35.8,38.6,19.7,58.3
4,7.1,30.1,38.9,23.9,62.8
4,15.4,29.4,45.3,9.9,55.2
4,8.5,26.7,52.1,12.7,64.8
4,5.5,20.9,58.2,15.4,73.7
4,3,13.8,56.1,27,83.1
4,10,35.2,37.2,17.7,54.9
4,6.2,38.7,41.4,13.8,55.2
4,8.5,34,38,19.5,57.5
4,14.1,33.4,45.5,6.9,52.5
4,18.2,32.5,38.8,10.6,49.3
4,8.9,28.2,48.3,14.5,62.9
4,7.1,25.9,52.9,14.1,67
4,13.2,44.8,29,13,42
4,12.3,40.3,34.2,13.1,47.4
4,10,34.1,35.5,20.3,55.9
4,25.6,48.4,24.9,1.1,26
4,11.3,43.2,40.7,4.8,45.5
4,7.4,30,51.6,11,62.6
4,2.6,21.6,62.9,12.9,75.8
4,15.4,41.1,29.5,13.9,43.4
4,13.7,39.4,31.9,15,47
4,14.9,37,33.7,14.5,48.1
4,30.7,42.4,25.6,1.3,26.9
4,29.4,44.1,25.3,1.3,26.6
4,13.8,38.6,43.2,4.4,47.6
4,7.3,32.9,51.7,8.2,59.9
4,18,48.9,23.7,9.4,33.1
4,14.1,41.3,34.4,10.2,44.6
4,11,44.7,34.3,10.1,44.3
4,18,33.4,40.5,8.1,48.6
4,14.5,31.6,43.1,10.8,53.9
4,7.8,25.2,53.5,13.5,67
4,4.3,19.2,57.3,19.2,76.5
4,12.8,41,31.5,14.7,46.2
4,10.9,39,36.7,13.3,50.1
4,9.9,36,37.8,16.2,54
5,15.8,25.8,48.1,10.4,58.5
5,10.5,20.2,52.9,16.4,69.3
5,5.1,18.7,63.3,12.8,76.1
5,2.7,15.7,66.4,15.2,81.6
5,20.2,41.1,26.8,11.9,38.7
5,22.1,43,31.5,3.4,34.9
5,19.1,43.9,33.4,3.6,36.9
5,13.9,27.8,49.8,8.5,58.3
5,14.2,27.3,50.5,8,58.4
5,12.2,20.8,56.2,10.7,66.9
5,9.8,21.6,51.5,17.1,68.6
5,12.9,49,29.4,8.7,38.1
5,14,42.9,33.1,10,43.2
5,13.3,47.1,30.5,9.1,39.6
5,24.6,38.6,32.7,4.1,36.7
5,10,31.8,50.5,7.7,58.1
5,9.6,29.4,52.4,8.7,61
5,4.8,19.6,59.3,16.2,75.6
5,15.6,45.9,29.5,9,38.5
5,10.9,47,34.1,8,42.1
5,18.5,40.2,30.7,10.6,41.3
5,19.4,35.4,40.3,4.9,45.2
5,14.8,29.9,46.8,8.5,55.3
5,9.4,25,52.6,13,65.6
5,4.8,22.5,54,18.7,72.7
5,17.8,43.7,27.2,11.3,38.6
5,17.1,43.2,25.9,13.8,39.7
5,19.4,41.2,25.6,13.9,39.5
5,22.7,43.3,31.3,2.7,33.9
5,14.8,40.3,39.1,5.8,44.9
5,8.3,32.1,51.3,8.3,59.5
5,2.9,23.3,59.9,13.9,73.8
5,15.8,46.5,26.8,10.9,37.7
5,17.9,43.8,25.9,12.4,38.3
5,22.4,39.7,24.5,13.4,37.9
5,34.6,39.5,22.8,3.1,25.9
5,28.8,39.5,26.4,5.3,31.7
5,13.4,40.2,42.5,3.9,46.4
5,6.1,33,53.8,7,60.9
5,18,46.3,25.6,10.1,35.7
5,16.7,40.8,31.1,11.4,42.5
5,16.3,44.5,29.8,9.3,39.1
5,22.1,35.5,37,5.4,42.4
5,16,32.1,43.6,8.4,51.9
5,9.7,28,52.7,9.5,62.3
5,5.1,22.9,57.4,14.6,72
5,16.7,45.5,27.5,10.3,37.8
5,16.5,43.3,30.2,10,40.2
5,18.2,42.7,29,10,39
6,12.9,22.2,50.4,14.5,64.9
6,8,19.4,57.7,14.9,72.6
6,4.1,15.4,70.1,10.4,80.5
6,2.1,10.2,72.7,15,87.7
6,18.1,40.8,29,12,41.1
6,16.5,42.8,35.1,5.6,40.7
6,17.5,37.5,39.4,5.6,45.1
6,16.3,27.5,46.7,9.6,56.2
6,11.5,27.1,50.1,11.3,61.4
6,8.6,20.6,58.2,12.6,70.8
6,7,15.3,57.2,20.4,77.6
6,9.7,45.6,31,13.7,44.7
6,8.7,38.3,39.2,13.7,53
6,8.8,35.8,40.3,15.1,55.4
6,19.7,32.7,39.8,7.8,47.6
6,10.7,31,47.9,10.4,58.3
6,8.8,23.3,54.3,13.6,67.9
6,3.9,14.4,58.2,23.5,81.7
6,10.6,40.5,34.9,14.1,48.9
6,10.3,38.7,38.6,12.3,51
6,11.9,33.9,38.3,15.9,54.1
6,23.3,38.6,33.2,4.9,38.1
6,17.3,33.1,40.4,9.2,49.6
6,10.7,26.1,52.1,11.1,63.2
6,6.4,25.3,52.7,15.7,68.4
6,15,44.8,26.8,13.3,40.1
6,15.2,39.4,32.1,13.3,45.4
6,10.6,39.2,35.4,14.8,50.2
6,22.2,43.7,30.6,3.4,34.1
6,13.3,42.2,37.5,7.1,44.6
6,7.1,30.9,49.8,12.1,62
6,2,19.7,63.6,14.7,78.3
6,15.2,41.6,28.5,14.7,43.2
6,12.4,39,32.5,16.1,48.6
6,16,36.6,31.3,16.1,47.4
6,28.3,41.1,27.2,3.4,30.6
6,21.8,42.6,31.4,4.2,35.6
6,12.8,36.2,44.6,6.5,51.1
6,5.5,28.9,57,8.6,65.7
6,12.9,46.3,28.6,12.1,40.8
6,12.9,40.6,35.7,10.7,46.4
6,8.7,40.4,40.7,10.2,50.9
6,20.6,34.6,37.7,7.1,44.8
6,13.9,32.9,43.8,9.4,53.2
6,8.8,25.8,54.4,11,65.3
6,4.5,19.2,60.2,16.2,76.3
6,13.6,43.4,29.7,13.3,43
6,12.7,39.8,35.6,11.9,47.5
6,12.2,37.3,37.7,12.7,50.4
7,15.9,24,51.2,9,60.2
7,9.9,20.1,55.4,14.6,70
7,6.7,16.3,66.6,10.4,77
7,2.4,13.2,71.4,13.1,84.5
7,19.4,44.5,26.1,10.1,36.2
7,19.5,46.8,31.1,2.6,33.7
7,20.7,42.9,33.2,3.2,36.4
7,17.6,29.2,44.7,8.5,53.2
7,15.1,31.3,45.7,7.9,53.6
7,12,25.2,51,11.7,62.8
7,9.5,17.6,57.3,15.7,73
7,13.1,50.3,26.2,10.4,36.6
7,12.4,46.5,31.3,9.8,41.1
7,13.5,43.3,29.7,13.5,43.2
7,23.2,37,34.8,5,39.7
7,15.5,33.6,44.7,6.3,50.9
7,9.3,30.5,52.8,7.4,60.2
7,5.9,23,54.7,16.3,71
7,13.9,45.3,31.5,9.3,40.8
7,13.7,46.1,32.5,7.7,40.2
7,15.8,38.4,34.2,11.5,45.8
7,35.2,37.5,24.7,2.6,27.3
7,22.6,39.2,35.4,2.8,38.2
7,15,34.3,46.1,4.5,50.6
7,8.6,30.8,52.3,8.4,60.7
7,18.9,46.9,24.4,9.9,34.3
7,19.7,45,26.6,8.6,35.2
7,21.2,42.8,26.5,9.6,36
7,31.6,46.7,20.6,1.2,21.8
7,20.1,47.4,30.1,2.5,32.5
7,10.2,42.7,43.2,3.9,47.1
7,3.2,28.5,62.5,5.9,68.4
7,19,44.2,27.6,9.2,36.8
7,19.8,44.3,25.9,10.1,35.9
7,20.6,44.5,26.2,8.7,34.9
7,42.1,42.3,15,0.6,15.6
7,31.9,46.1,21.1,0.9,22
7,18.1,42,37.2,2.7,39.9
7,7.2,34.1,53,5.7,58.7
7,20.6,53.5,20.6,5.3,25.9
7,19.1,47.8,28.1,4.9,33.1
7,16.1,48.5,28.7,6.8,35.5
7,27.9,36.5,31.3,4.3,35.6
7,19.5,36.7,38.2,5.6,43.9
7,12,32.2,49.1,6.6,55.8
7,6.1,24.8,58.4,10.6,69
7,17.5,47.5,26,9,35
7,17.4,46.1,29.2,7.3,36.5
7,18,43.4,29.8,8.8,38.5
8,11.8,17,53.4,17.7,71.2
8,8.1,13.8,54.3,23.8,78.1
8,3.7,11.1,67.4,17.7,85.2
8,1.4,7.7,72.6,18.3,90.9
8,15.1,38.8,30.8,15.3,46.1
8,15.2,39.1,40.4,5.3,45.7
8,15.4,34.4,43.6,6.5,50.2
8,11,22.2,50.5,16.4,66.8
8,11.5,20.5,50.9,17,68
8,7.9,15.7,57.7,18.7,76.4
8,5.9,12.1,52.9,29,82
8,9,37.9,36.4,16.7,53.1
8,9.5,35.5,37.8,17.2,55
8,8.5,33.3,38,20.1,58.1
8,17.7,31.4,41.9,9,50.9
8,10.3,26.9,50.7,12,62.7
8,6.7,18.6,56,18.7,74.7
8,4,14.9,54.4,26.8,81.2
8,10.2,35.2,36.7,18,54.6
8,8.8,34.3,41.6,15.4,57
8,9.8,29.5,39.2,21.5,60.7
8,24.7,34.5,36.8,4,40.8
8,16.8,32.3,44.6,6.3,50.9
8,10.4,26.1,50.8,12.6,63.5
8,8.6,26.9,51.9,12.7,64.6
8,17.1,41,27.4,14.5,41.9
8,18,40.3,30.5,11.2,41.6
8,17.5,39.3,29.5,13.7,43.2
8,21.6,44.6,31.4,2.4,33.8
8,15.1,40.3,37.5,7.1,44.6
8,7.9,32.3,50.3,9.4,59.7
8,3.7,24.6,61,10.7,71.7
8,17.3,41,27.8,13.9,41.6
8,17.8,40.9,28.3,13,41.3
8,18.6,38.9,28,14.5,42.5
8,30.9,39.8,26.9,2.4,29.3
8,24.2,42.2,30.2,3.4,33.5
8,16.2,39.7,39.2,5,44.1
8,6.1,29.8,56.1,7.9,64
8,20.4,47,24.9,7.7,32.6
8,15.6,42.3,34.2,7.9,42.1
8,16.1,48.2,29.4,6.4,35.8
8,19.8,31.9,39.9,8.5,48.4
8,14.5,29.4,44.6,11.5,56.1
8,8.8,24,53.5,13.7,67.1
8,5,19.3,58.2,17.5,75.7
8,14.8,40.2,30.7,14.3,45
8,14.1,38.7,35.5,11.7,47.2
8,14.3,37.3,34.6,13.8,48.4
9,15.5,23.7,49.3,11.5,60.8
9,9.8,19.6,54.6,15.9,70.5
9,4.4,14.7,68.5,12.4,80.9
9,1.6,11.8,70.9,15.6,86.5
9,20.8,42.4,25.7,11.1,36.8
9,17.8,43.6,34.5,4.1,38.6
9,20.4,43.6,31.4,4.6,36
9,18.1,29.5,44.7,7.6,52.3
9,13.5,26.2,49.4,10.9,60.3
9,10.5,21.2,57,11.4,68.4
9,7.7,15.3,58,19.1,77.1
9,10.8,50.5,29.1,9.6,38.7
9,11.9,45.3,33,9.7,42.7
9,10.3,43,33.8,12.9,46.7
9,24.6,37.2,34.4,3.9,38.2
9,16.7,35.8,42.2,5.3,47.5
9,10.4,25,55.8,8.7,64.6
9,6.4,21.1,56.9,15.5,72.5
9,14,44.4,31,10.6,41.6
9,12.1,42.6,35.8,9.5,45.3
9,13.8,39.8,32,14.3,46.4
9,32.8,37.1,28.1,1.9,30
9,21.1,33.7,38.4,6.8,45.2
9,13.5,31.7,47.4,7.4,54.8
9,9.9,25.7,53.7,10.7,64.3
9,19.4,43.7,25.2,11.7,36.9
9,17.8,44.1,29.2,8.9,38.2
9,15.3,41,30.5,13.2,43.7
9,32.6,41.6,24.4,1.3,25.7
9,19.3,43.7,33.7,3.3,37
9,9.5,34.9,48.5,7,55.6
9,3.4,29.1,60.1,7.3,67.4
9,20.1,45.1,25.8,8.9,34.7
9,18.5,43.4,28.3,9.8,38.1
9,18.7,44.6,25.8,11,36.8
9,39.9,41.1,17.7,1.3,19
9,32.2,40.3,25.6,1.8,27.5
9,16.1,38.9,40.3,4.7,45
9,7.4,31,54.4,7.1,61.5
9,21.2,48.3,24,6.5,30.5
9,19.1,44.8,30.5,5.6,36.1
9,15.9,43.5,33.6,7.1,40.6
9,27.3,35.1,33,4.6,37.6
9,18.8,33.3,40.6,7.3,47.9
9,10.7,27.9,52.8,8.6,61.4
9,6,22.3,59.1,12.5,71.6
9,17.8,45.8,26.8,9.7,36.4
9,16.3,44,31.9,7.9,39.7
9,15.8,42.6,31.1,10.5,41.6
10,11.9,20,52.8,15.4,68.2
10,6.5,16.5,57,20,77
10,3.9,12.7,66.4,17,83.4
10,1.4,8.1,71.8,18.7,90.5
10,14.6,37.5,31.3,16.5,47.9
10,14.3,40.1,38.3,7.3,45.6
10,14.2,38.5,39.2,8.1,47.3
10,14.2,24.5,48.1,13.2,61.3
10,11.4,22.4,51.8,14.4,66.2
10,8.8,18.4,58,14.8,72.8
10,5.5,13.7,55.2,25.6,80.8
10,8.1,42.9,34,15,49
10,8.5,39.5,38,14,52
10,8.6,34.7,38.7,18.1,56.8
10,16,34.9,40.8,8.3,49.1
10,11,27.7,49,12.4,61.4
10,7.1,20.7,57.5,14.6,72.1
10,3.7,15,57.2,24.2,81.3
10,9.9,40,34.5,15.6,50.1
10,9.1,37.5,39.7,13.7,53.4
10,10.8,34.4,36.9,18,54.9
10,24.5,35.2,35.7,4.6,40.3
10,17.2,31.9,42.1,8.7,50.9
10,10.9,26,50.4,12.6,63.1
10,5.9,21.2,57,15.9,72.9
10,14.8,40.4,30.5,14.3,44.8
10,13.7,38.7,34.3,13.3,47.6
10,12.4,36.2,33.5,18,51.5
10,21.9,43.2,31.7,3.2,34.9
10,13.7,39.9,39.5,6.9,46.4
10,7.4,33.7,49.6,9.3,58.9
10,3.2,20.5,62.2,14.1,76.3
10,15.9,40.9,28.1,15.2,43.2
10,14.7,40.9,29.8,14.6,44.4
10,16.7,39.4,30.4,13.5,43.9
10,29,41.7,26.4,2.9,29.3
10,23.2,41.6,31.7,3.6,35.2
10,13.3,35.1,45,6.6,51.7
10,5.3,26.7,58.7,9.3,68
10,18.6,46.5,25.1,9.8,34.9
10,14.3,42.6,35,8.1,43.1
10,10.3,42.7,38.4,8.6,47
10,19.7,33.5,39,7.8,46.9
10,13.9,30.1,45,10.9,55.9
10,8.6,24.5,54.5,12.5,66.9
10,4.2,17.6,60.4,17.8,78.2
10,13.6,41.3,30.6,14.4,45.1
10,12.3,39.9,35.9,11.8,47.8
10,12.2,37.6,36.2,14,50.3
11,8.4,15.2,53.9,22.5,76.4
11,5.4,12.3,55.6,26.7,82.4
11,3.1,11.5,64.9,20.5,85.4
11,1.2,8.4,71,19.4,90.4
11,13.7,39.6,29.9,16.8,46.7
11,14.9,40.9,37.4,6.8,44.2
11,14,40.5,38.9,6.6,45.5
11,9.1,20.7,54.2,16,70.2
11,9,19.5,54.6,16.8,71.5
11,5.9,15.6,59.1,19.5,78.6
11,5.6,12.1,55.8,26.6,82.4
11,6.8,40.4,36.4,16.5,52.8
11,7.3,35.5,39.3,17.9,57.2
11,7.1,33.6,38.8,20.5,59.3
11,11.8,28.7,49.9,9.6,59.5
11,7.6,26.5,53.3,12.5,65.9
11,5.8,16.6,61,16.6,77.6
11,2.5,12.9,56.9,27.7,84.6
11,7.5,37.2,39.7,15.6,55.3
11,7.3,35.2,42.6,14.9,57.5
11,9.4,32.5,37.7,20.5,58.2
11,19.4,33.6,40.2,6.8,47
11,15.7,30.8,45.1,8.5,53.6
11,9.7,26.6,51,12.7,63.7
11,7.1,23.1,55.4,14.3,69.8
11,15.5,42.2,27.7,14.7,42.3
11,16.6,38,31.6,13.7,45.3
11,12.6,36.5,30.5,20.4,50.9
11,21.4,45.7,30.3,2.6,32.9
11,14.1,38.6,39,8.3,47.3
11,7.6,33.1,49.9,9.4,59.3
11,2.2,25.1,61,11.7,72.7
11,18.7,42.8,27.4,11.1,38.5
11,14.2,40.6,30.5,14.7,45.3
11,14.4,37.6,31.4,16.7,48
11,30.3,42.2,24.5,2.9,27.4
11,25.2,41.5,29,4.4,33.4
11,15.3,36.9,41.4,6.4,47.8
11,6.3,35.5,51.2,6.9,58.2
11,21.6,50.7,20.8,6.9,27.7
11,18.7,45.4,28.3,7.6,35.9
11,12.5,42.7,34.4,10.4,44.8
11,16.8,31,42.1,10.1,52.3
11,12.7,28,46.3,13.1,59.4
11,7.8,23.2,54.7,14.3,69
11,4.1,19.4,58.6,17.8,76.4
11,13.9,42.1,30.4,13.6,44
11,13.1,39.2,35.1,12.6,47.7
11,11.7,37.2,35.3,15.8,51.2
12,14.1,20.8,53.9,11.2,65.1
12,8.8,18,55.5,17.8,73.2
12,5.9,14.7,67.6,11.8,79.5
12,2.6,13.7,70.9,12.8,83.7
12,19.6,40.1,28.7,11.5,40.3
12,19.1,44.8,32.1,4,36.1
12,20.4,41.8,33.6,4.2,37.8
12,16.2,25.3,48.3,10.2,58.5
12,12.9,26.2,50.3,10.7,61
12,10.9,19.6,56.7,12.8,69.5
12,8.2,16.5,54.4,20.9,75.3
12,14.2,45.1,30.4,10.4,40.7
12,10.8,43.6,35.4,10.1,45.6
12,12.2,42.3,32.5,13,45.5
12,19.4,34.3,40.6,5.7,46.3
12,14,33,45.2,7.9,53.1
12,9.3,25.9,54,10.7,64.8
12,4.8,18.4,59.3,17.5,76.8
12,14.6,47,28.9,9.5,38.4
12,12.3,43.3,36.2,8.2,44.4
12,15.4,39.9,33.1,11.6,44.7
12,21.5,35.2,38.6,4.7,43.3
12,18.9,32.5,42.2,6.4,48.6
12,14.9,31.6,45.4,8.1,53.5
12,9.9,28.5,51.9,9.6,61.6
12,17,45.6,27.4,10,37.4
12,15.3,44,29.8,11,40.8
12,17.3,40.3,29.4,12.9,42.4
12,26.2,46.5,26.2,1.1,27.3
12,15.4,43.6,35.5,5.4,41
12,9.5,34.7,49.6,6.1,55.8
12,3.9,27.6,60.1,8.4,68.5
12,16.9,48,27.8,7.3,35.1
12,16,45.9,28.9,9.2,38.1
12,16.3,40.5,31.5,11.7,43.2
12,31.4,42,24.5,2.1,26.6
12,28.5,39.2,29.9,2.5,32.3
12,14.5,38.5,41.1,5.8,47
12,6.8,34.2,51.4,7.5,58.9
12,19.1,50.1,22.8,8,30.8
12,16.2,46,30.6,7.2,37.8
12,13.3,44.3,33.5,8.9,42.4
12,21.2,33.8,39.1,5.9,45.1
12,16.4,32.1,43.1,8.5,51.6
12,10.8,27.4,52.6,9.3,61.8
12,6,23,58.1,12.9,71
12,16.9,46,27.7,9.4,37.1
12,15,44.6,32.2,8.3,40.4
12,15.8,41.5,32.3,10.4,42.6
13,11,17.5,54.6,16.9,71.5
13,5.9,14.1,56.1,23.9,80
13,3.6,9.6,68.8,18,86.8
13,1.7,9.2,68.5,20.6,89.1
13,14.6,38.5,28.4,18.6,46.9
13,15.3,36.1,39.1,9.5,48.7
13,12.7,32.9,41.5,12.9,54.4
13,14.4,22.1,49.7,13.9,63.5
13,11.1,19.1,52.3,17.4,69.8
13,7,16,58.1,18.9,77
13,3.7,12.1,56.1,28.1,84.2
13,8.2,39.4,34.1,18.3,52.4
13,7.6,38.4,37.2,16.8,54
13,7.6,34.3,34.1,24,58.1
13,15.4,29.4,44.8,10.3,55.2
13,8.3,26,53.7,11.9,65.7
13,4.9,17.9,59,18.3,77.2
13,2.2,14.4,62.3,21.1,83.4
13,8.3,40.5,37.1,14.1,51.1
13,6.2,36.2,43.1,14.5,57.6
13,8.6,30.9,37.6,22.9,60.5
13,25.8,37.6,33.2,3.4,36.6
13,17.9,32.2,41.7,8.2,49.8
13,7,24.8,54.2,14,68.2
13,6.4,27,55.2,11.5,66.6
13,15.2,46.9,26.4,11.5,37.9
13,13.4,44.2,33.3,9.1,42.4
13,13.2,40.7,30.5,15.7,46.1
13,25.9,44.1,28,2.1,30.1
13,16.6,44.9,34.5,4.1,38.5
13,5.9,27.8,55.6,10.7,66.3
13,1.9,25,62.8,10.3,73.1
13,17,46.6,27.5,8.9,36.4
13,12.9,44,31.8,11.3,43.1
13,12.9,40,36.6,10.5,47.1
13,26.3,41.9,29.2,2.6,31.8
13,22.4,40.8,33.4,3.4,36.7
13,11.2,36,46.7,6.1,52.8
13,5.5,31.9,56.8,5.9,62.6
13,21.7,53.1,20.2,5,25.2
13,17.3,45.4,32.5,4.9,37.4
13,10.4,47.8,35.4,6.4,41.8
13,19.7,32.1,40,8.2,48.2
13,13.7,29.4,45.4,11.6,57
13,6.6,22.3,56.9,14.1,71.1
13,3.6,20.2,60.2,16,76.2
13,14.2,44.2,28.9,12.7,41.6
13,12.2,40.8,36.1,10.9,47
13,11,37.9,35.9,15.2,51.2
14,10.4,19.4,51.5,18.8,70.2
14,6.6,14.9,51.7,26.8,78.5
14,3.1,10.7,66.6,19.6,86.2
14,1.1,8.7,66.7,23.5,90.2
14,12.4,39.4,30.6,17.6,48.2
14,14.7,33,42.4,10,52.4
14,12,32.5,45.5,10,55.4
14,10.3,18.7,51.1,19.9,71
14,9.6,19.1,52.4,19,71.4
14,6.2,13.7,52.5,27.6,80.1
14,4,11,52,33,85
14,7.6,34.5,36.7,21.2,57.9
14,7.1,35.5,37.1,20.3,57.4
14,7.4,28.3,41.3,23,64.3
14,13.5,27.6,42.9,16,58.9
14,7.3,20.4,51.5,20.7,72.3
14,4.3,15.5,56.5,23.7,80.2
14,3.2,11.7,53.4,31.7,85.1
14,9,32,36.5,22.4,59
14,7.4,31.9,42.9,17.7,60.7
14,7.6,26.2,39.9,26.3,66.2
14,23.7,36.1,34,6.2,40.2
14,12.6,28.5,49.5,9.4,58.9
14,11.1,24.5,51.6,12.8,64.4
14,6.3,22.5,57.4,13.7,71.1
14,15.5,40.6,29.3,14.6,43.9
14,16.2,42.6,28.3,12.9,41.2
14,13,39,32.2,15.8,48
14,20.9,41.1,34.6,3.4,38
14,13.4,38.7,39.9,8,47.9
14,7.2,29.7,49.1,14.1,63.2
14,3.1,19.4,58.6,18.9,77.5
14,13.4,40.4,30.1,16.1,46.2
14,13.3,37.9,29.1,19.7,48.8
14,12.2,35.3,30.9,21.6,52.5
14,32.2,40.1,24.4,3.4,27.8
14,19.3,39.6,35.9,5.2,41.1
14,11.6,32.4,45.2,10.8,56
14,5.1,25.7,59.7,9.6,69.3
14,13.7,44.5,30.3,11.5,41.9
14,13.1,45.4,29.9,11.6,41.5
14,9.7,37.1,37.5,15.7,53.2
14,18.8,30.8,39.4,11,50.4
14,11.6,27.2,46.6,14.6,61.2
14,7.3,21.4,53.4,17.9,71.3
14,3.8,16.7,58,21.5,79.5
14,12,38.7,32.2,17.1,49.3
14,12,37.8,34.8,15.4,50.2
14,10.4,33.2,37.9,18.6,56.5
15,7.2,13.4,52.9,26.6,79.4
15,3.8,10.1,54.4,31.7,86.1
15,3,8,61.5,27.5,89
15,0.8,4.8,66.8,27.6,94.4
15,7.4,31.4,35.7,25.6,61.3
15,7.7,27.5,47.8,17,64.8
15,6.4,23.2,50.2,20.2,70.4
15,9,16.2,51.7,23.1,74.8
15,6.1,13.1,53.7,27.2,80.9
15,4.3,10.4,52.3,32.9,85.3
15,3.6,7.8,48.5,40.1,88.6
15,3.9,28.2,35.4,32.5,67.9
15,4.3,25.1,36.9,33.8,70.6
15,4,19.2,37.2,39.5,76.8
15,9.9,22.3,47.7,20.1,67.8
15,6.3,18.5,50.6,24.6,75.2
15,4.4,12.5,55.7,27.4,83.1
15,2.3,8.7,51.4,37.6,89
15,5.6,27.1,38.4,28.9,67.3
15,4.4,24.4,41.8,29.3,71.1
15,4.7,20.5,37.7,37.1,74.8
15,19.1,25,45.3,10.6,55.9
15,13.8,23.7,47.6,15,62.5
15,7.5,19.3,51.2,22,73.2
15,4.6,14.6,55.4,25.4,80.8
15,7.9,32.2,33.5,26.3,59.8
15,7.4,27.9,35.4,29.4,64.8
15,7.9,26.5,33.7,32,65.7
15,17.9,39.1,38,5.1,43
15,9.9,31.2,42.5,16.3,58.9
15,6.4,23.3,52.2,18.1,70.3
15,1.9,14.2,59.3,24.7,84
15,9.1,30.5,32.6,27.8,60.4
15,8.4,26.9,32.9,31.9,64.8
15,7,23.5,34.2,35.3,69.6
15,27.5,36.3,31.9,4.2,36.2
15,17,34.4,41.8,6.8,48.6
15,10.9,26.5,47.7,14.9,62.6
15,4.9,22.7,59.3,13.1,72.4
15,12,40.1,30.4,17.5,47.9
15,8.7,31.8,42.1,17.5,59.5
15,7.5,31.9,40,20.7,60.6
15,14.2,24.3,45.4,16.1,61.5
15,9,20.9,49,21.2,70.1
15,5.8,15.9,53.8,24.4,78.2
15,2.9,11.4,56.7,28.9,85.7
15,7.3,31.2,34.6,26.8,61.4
15,6.6,27,40.1,26.3,66.4
15,6,23.6,39.6,30.9,70.4
16,16.7,23.6,47,12.7,59.7
16,7.4,20.5,56,16.1,72.1
16,4.8,12.4,68.2,14.6,82.8
16,2.2,8.3,70.3,19.2,89.5
16,15.7,43.6,27,13.7,40.7
16,14.6,35,42.2,8.1,50.3
16,14.9,40.4,37.2,7.5,44.7
16,16.4,28.3,45.3,10.1,55.4
16,13.6,27.5,50,8.9,58.9
16,7.6,17.9,57.8,16.7,74.5
16,7.6,11.8,53.5,27.1,80.6
16,7.6,34.9,38.7,18.8,57.4
16,6.7,38.4,35.4,19.5,54.9
16,8.4,30.1,40.4,21.1,61.5
16,20,33.3,40.2,6.5,46.7
16,10.9,30.9,50.2,8.1,58.3
16,8.6,23.3,55,13,68.1
16,4.1,17.1,58.6,20.2,78.9
16,11,40.6,33.3,15.1,48.4
16,9.1,37.7,39,14.2,53.2
16,11.9,31.1,39.4,17.6,57
16,28.8,35.6,31.9,3.7,35.6
16,25.9,32,36.4,5.7,42.1
16,13.5,34.3,46.3,5.9,52.2
16,10,26.6,54.8,8.7,63.4
16,21.3,47.9,23.5,7.3,30.8
16,16.3,45.7,27.4,10.6,38
16,15.4,44.7,33.4,6.5,40
16,26.8,41.3,29.1,2.8,32
16,19.5,45.3,31.8,3.4,35.2
16,9.6,35,48.5,7,55.4
16,3.1,27.5,62.3,7.1,69.5
16,19.7,46.2,28,6.1,34.1
16,17.9,46.6,28.3,7.2,35.5
16,16.4,40.1,29.3,14.2,43.6
16,28.8,45.2,23.6,2.5,26.1
16,30.7,38.9,27.5,2.8,30.3
16,18.5,40.3,35.6,5.6,41.2
16,8.7,30,58,3.3,61.2
16,21.4,51.9,20.6,6.1,26.7
16,17.8,44.3,32.1,5.9,38
16,12.6,46.4,34.7,6.3,41
16,22.9,34.5,36.2,6.4,42.6
16,18,32.6,41.9,7.5,49.5
16,10.3,27,52.1,10.6,62.7
16,5.8,19.7,59.7,14.8,74.4
16,15.6,43.8,28.9,11.7,40.6
16,13.3,40.9,34.5,11.3,45.8
16,13.2,38.5,35.9,12.4,48.4
17,28,38.2,30,3.9,33.8
17,10.8,20.8,53.5,14.9,68.4
17,7.3,14.8,54.2,23.6,77.9
17,4.3,12.2,64.4,19,83.5
17,2.4,10.8,68,18.8,86.8
17,15.2,35.7,31.6,17.4,49
17,13.5,37.7,38.7,10.1,48.8
17,16.9,36.2,38.1,8.8,46.9
17,13.6,24.4,48.2,13.8,62
17,10.4,24.1,51,14.4,65.5
17,10.9,17.6,53.4,18.1,71.5
17,5.7,12.6,53,28.8,81.7
17,10.4,44.1,32.3,13.2,45.5
17,9.7,40.9,37.6,11.9,49.5
17,8.7,36.7,37.9,16.6,54.5
17,19,35,40.3,5.7,46
17,10.6,29.6,47.8,11.9,59.7
17,6.3,20.9,56.1,16.7,72.8
17,4.6,15.6,56.7,23.1,79.8
17,10.4,41.7,34.1,13.8,47.9
17,9.9,39.1,38.9,12.1,51
17,10.1,34.8,38.9,16.2,55.1
17,20.5,33.3,40.7,5.5,46.2
17,11.1,28.1,50.5,10.4,60.8
17,8.1,22.8,56.2,12.9,69.1
17,17,43,26.2,13.8,40
17,14.2,39.4,32.1,14.4,46.5
17,12.6,38.7,31.6,17.1,48.7
17,26.9,44.4,26.6,2.1,28.7
17,16.3,45.6,34,4.1,38.1
17,9.8,35.6,47.4,7.1,54.5
17,3.2,22,62.8,12.1,74.9
17,16.1,42.1,29.7,12,41.7
17,15.2,39,30.9,14.9,45.8
17,14.3,36.5,33.7,15.4,49.1
17,36.6,39.6,22.6,1.1,23.8
17,28.6,40.5,27.1,3.9,31
17,14.4,37.5,41.1,7,48.1
17,6,34,53.3,6.7,60.1
17,17.2,49.6,24.8,8.5,33.3
17,16.4,41.8,32.1,9.8,41.8
17,11,39.9,40.3,8.9,49.2
17,22.9,34.1,36.3,6.7,43
17,16,31.7,42,10.3,52.3
17,9.5,25.6,52,12.9,64.9
17,5,20,58.3,16.7,75
17,14.5,42.8,29.7,13.1,42.7
17,13.3,39.7,34.9,12.2,47.1
17,12.3,37.2,36.7,13.8,50.5
18,9.4,17.4,53.7,19.5,73.2
18,4.6,14.8,56.3,24.3,80.6
18,3.1,9.5,67.4,20.1,87.5
18,1.4,8.5,72,18.1,90.1
18,15.3,35.9,31.5,17.3,48.8
18,13.5,39.8,39.7,7,46.7
18,12,38.9,42.7,6.4,49.1
18,9.3,19,54.6,17.1,71.7
18,7.8,18.9,52.5,20.8,73.3
18,5.7,17,56,21.3,77.3
18,4,12.1,55.1,28.9,83.9
18,8.4,39.3,35.4,16.9,52.3
18,6.5,36.6,36.8,20.1,56.9
18,6.4,36.7,38.4,18.5,56.9
18,12.2,26.1,48.3,13.4,61.6
18,6.8,22.6,54.4,16.1,70.5
18,4.7,16.9,57.3,21.1,78.4
18,1.8,13.3,55.8,29.1,84.9
18,7.2,37.4,38.2,17.2,55.4
18,7.6,37.2,39.5,15.7,55.2
18,8.7,32,37.8,21.6,59.3
18,19.6,36.8,38.4,5.2,43.6
18,14.7,34.7,42.2,8.4,50.5
18,9.3,27.6,51.8,11.4,63.2
18,6.3,25.2,54.6,13.9,68.5
18,14,40.9,30.9,14.2,45.1
18,16.1,36.8,32.4,14.7,47.1
18,13.2,37.4,30.7,18.7,49.4
18,22.9,44.4,29.4,3.3,32.7
18,12.9,41.5,39.5,6.2,45.6
18,5.8,31.5,52.1,10.7,62.8
18,2,16.8,68.3,12.8,81.2
18,16.2,43.9,29.8,10,39.8
18,12.2,39.9,30.6,17.3,47.9
18,11.3,37.9,32.8,18.1,50.8
18,29.9,40.9,26.7,2.4,29.2
18,22.6,39.6,34.8,3,37.9
18,12.5,36.7,44.6,6.3,50.8
18,3.7,28.5,61.1,6.7,67.7
18,14.7,49.3,27.6,8.4,36
18,13.1,42.5,36.6,7.7,44.4
18,10,45.4,35.1,9.5,44.6
18,16.6,29.8,42.8,10.8,53.7
18,11.2,27.9,47.2,13.7,60.9
18,6.7,22.6,55.2,15.6,70.8
18,3.1,16.7,61.3,18.9,80.2
18,12.4,40.9,32.4,14.2,46.7
18,11.3,38.7,36.1,13.9,49.9
18,10.2,38,36.4,15.4,51.8
19,8.4,17.1,54,20.5,74.5
19,7.1,16.1,52.2,24.6,76.9
19,4.6,14.1,65,16.3,81.3
19,1.2,8.5,69.9,20.3,90.2
19,16.5,39,30.1,14.4,44.5
19,16.6,41.6,36.2,5.5,41.7
19,16.5,41.4,36.7,5.4,42.2
19,12.5,20.7,51.3,15.5,66.8
19,9.1,20.6,52,18.3,70.4
19,8.2,18.9,54.2,18.7,72.9
19,6,15.1,52.7,26.1,78.8
19,9.5,42.9,32,15.7,47.7
19,9.8,40.4,34.7,15.1,49.8
19,9.7,39.1,35.1,16.2,51.2
19,15.1,28.9,42.7,13.3,56
19,10.4,26,49.8,13.9,63.6
19,5.9,22.8,56.6,14.7,71.3
19,4.3,16.8,57.9,20.9,78.8
19,12.8,42.5,31.4,13.3,44.7
19,10.7,44,34.4,10.9,45.3
19,11.3,35.9,36.2,16.7,52.9
19,20.7,34.4,38,6.8,44.8
19,13.9,26.2,45.7,14.2,59.9
19,10.9,26.7,51.9,10.5,62.4
19,5.5,24.3,53.8,16.4,70.2
19,16.3,44.9,25.2,13.7,38.8
19,15.7,39.4,28.7,16.2,44.8
19,17.6,39.6,27.9,15,42.9
19,28.4,40.4,27.4,3.8,31.2
19,14.5,38.3,38.7,8.6,47.3
19,8,34.3,47.8,10,57.7
19,3.9,26.1,59.6,10.4,70
19,16.7,44,27.1,12.1,39.3
19,16.8,46.1,26.8,10.4,37.1
19,18.2,44.1,23.6,14.1,37.6
19,26.7,42.4,27.7,3.2,30.9
19,22.7,40.3,32.5,4.5,37
19,14.4,36,42.1,7.5,49.6
19,7.7,33.9,50.5,7.8,58.4
19,20.8,48.5,22.5,8.2,30.7
19,17.8,47,28.1,7.1,35.2
19,14.3,51.9,27.9,5.9,33.8
19,18.5,30.5,40.4,10.6,51
19,12.8,27.8,45.2,14.1,59.3
19,8.6,25.2,53.1,13.1,66.2
19,4.7,20.5,57.6,17.2,74.8
19,15.3,43.5,28.2,12.9,41.1
19,14.5,43,31.7,10.8,42.5
19,14.5,41.8,31.4,12.2,43.7
20,4,9.3,47.5,39.2,86.7
20,2.9,7.4,46.2,43.5,89.6
20,1.8,5.4,55.6,37.2,92.8
20,1.1,3.6,60.3,35,95.2
20,7.1,25.4,36.2,31.2,67.4
20,7.3,25.7,47.8,19.2,67
20,5.8,23,52.4,18.9,71.2
20,4.9,10.6,48,36.5,84.5
20,4,9.3,45.8,40.9,86.7
20,3.3,8.1,47.1,41.6,88.7
20,2.6,6.4,41.8,49.3,91
20,3.4,23.4,35.3,37.9,73.2
20,3.8,19.7,37.7,38.8,76.5
20,3.2,15.1,35.8,45.9,81.7
20,6.1,15.1,45.8,32.9,78.7
20,3.5,11.1,48.5,36.9,85.4
20,2.5,7.7,46.7,43,89.7
20,1.7,6.3,41,51,92.1
20,4.5,22.4,38.2,34.9,73.1
20,3.6,19,39,38.4,77.4
20,4.4,17.5,34.1,44,78.1
20,11.7,25.4,43.1,19.7,62.8
20,7.3,18,46.1,28.6,74.7
20,4,14.5,46.6,34.9,81.5
20,2.8,11.8,48,37.4,85.4
20,6.4,27,31.6,35,66.6
20,7,23.2,32.3,37.4,69.7
20,6,20.1,29,44.9,73.9
20,12.2,30.1,45.4,12.3,57.7
20,6.2,24.4,41.9,27.5,69.4
20,3.7,16.4,48.8,31,79.8
20,1.2,11,52.5,35.3,87.7
20,6.6,26.1,31,36.4,67.3
20,6.4,24.7,28.5,40.4,68.9
20,6.3,22.2,27.9,43.6,71.4
20,14.6,29.4,39.3,16.6,56
20,10.9,27.5,44.6,17,61.6
20,5.4,20.4,47.4,26.8,74.2
20,2.2,16.8,54,26.9,80.9
20,6.7,29.4,35,28.9,63.9
20,5.9,25.3,35.9,32.8,68.7
20,4.4,24.7,37.8,33.1,70.9
20,9.1,20.3,44.7,25.9,70.6
20,5.9,16.5,45.5,32.2,77.7
20,3.5,12.3,48.7,35.5,84.2
20,1.9,9.5,49.8,38.8,88.6
20,5.8,25.7,34.5,34,68.5
20,5.7,23,36.8,34.5,71.3
20,5,20.5,36.2,38.2,74.4
21,7.5,12.2,47.3,33,80.4
21,5,9.6,49.4,36,85.4
21,2.5,8.2,58.8,30.5,89.3
21,1.1,5.9,60.2,32.8,93
21,9.1,29.3,34,27.7,61.6
21,8.3,28.1,47.1,16.5,63.7
21,8.1,26.7,50.2,15,65.2
21,6.1,11.9,50.8,31.2,82
21,6.5,14.6,47.3,31.6,78.9
21,5.9,12.1,47.9,34,82
21,3.4,7.6,44.3,44.8,89.1
21,5.9,29,32.4,32.7,65.1
21,4.6,25.4,36.9,33.1,70
21,3.3,21.5,34.7,40.4,75.2
21,7.5,18.2,46.6,27.7,74.3
21,5,12.7,50.3,32.1,82.3
21,3.8,11.6,50.7,33.9,84.5
21,1.9,8.6,47,42.5,89.5
21,4.9,26.4,39.7,29,68.8
21,4.4,24.6,40.1,30.9,71
21,4.1,22.7,37.4,35.8,73.2
21,9.9,21,47,22.1,69.1
21,7.9,13.8,45.4,32.9,78.4
21,3.7,10.7,44.8,40.9,85.7
21,2.3,9.1,46.6,41.9,88.5
21,6.1,22.4,28.8,42.7,71.5
21,5.3,20.9,33.8,40,73.9
21,3.7,19.9,30.4,45.9,76.3
21,9.8,26.2,46.3,17.7,63.9
21,5.7,20.5,47,26.8,73.7
21,3.8,13.2,45.3,37.6,83
21,1,8.5,48.2,42.3,90.5
21,5.7,21.9,29.7,42.7,72.4
21,4.9,20.6,29.2,45.2,74.5
21,5.1,18.2,31.1,45.6,76.7
21,12.1,28.5,42.7,16.7,59.4
21,10.6,26.3,43.2,19.9,63.1
21,5.5,18.9,49.1,26.5,75.6
21,2.3,13.7,53.3,30.7,84
21,6.2,25.7,33.9,34.2,68.1
21,5,21.5,39.1,34.4,73.5
21,4,22.5,38.4,35.1,73.5
21,9.2,21,46.4,23.4,69.8
21,7.1,17.2,46.7,29,75.7
21,4.2,12.8,48.9,34,83
21,2,9.2,49.8,39,88.8
21,6.3,25.4,32.7,35.7,68.4
21,5.4,23.1,37.2,34.4,71.5
21,4.7,21.7,36.5,37.1,73.6
22,6,11.1,50.2,32.6,82.8
22,3.6,8.3,49.5,38.6,88.1
22,1.9,6.7,60.8,30.6,91.4
22,0.7,4.6,63,31.7,94.7
22,10.3,29.2,32.6,27.9,60.5
22,7.5,30.2,48.8,13.5,62.3
22,8.7,30.1,46.7,14.5,61.3
22,7.5,15.9,48.4,28.1,76.6
22,5.1,14.8,52.3,27.8,80.1
22,4,10.3,53,32.7,85.7
22,2.7,9.2,48.6,39.5,88.1
22,5.1,28,37.1,29.8,66.9
22,5.7,25.7,36.7,31.9,68.7
22,4.1,23.1,37.4,35.3,72.7
22,9.3,21.8,46.7,22.2,68.9
22,5.4,15.8,49.8,29,78.8
22,3.2,10,53.4,33.3,86.8
22,1.6,7.8,52.3,38.3,90.6
22,5,30.5,38.4,26.1,64.5
22,4.2,24.1,43.6,28.1,71.7
22,5.4,22.4,35.9,36.3,72.2
22,11.3,25.1,48.6,15.1,63.7
22,9.7,24.6,47.8,17.9,65.7
22,5.5,16.6,50.9,27.1,77.9
22,3.8,14.4,55.1,26.6,81.7
22,8.7,33.1,32,26.2,58.2
22,9.2,33.9,33.2,23.7,56.9
22,7.2,30,31.9,30.9,62.8
22,13,32.7,41.1,13.3,54.4
22,7.7,29.8,44.4,18.2,62.5
22,4.1,23.8,51.2,20.8,72
22,1.4,13.5,56.3,28.8,85.1
22,9.3,35.1,29.7,25.9,55.6
22,8.6,31.6,31,28.7,59.7
22,8.1,29.9,31.9,30,61.9
22,17.4,32.7,39,10.9,49.9
22,17.2,34.1,36.1,12.6,48.7
22,6.6,26.9,51.5,15,66.5
22,3.7,22.9,57.2,16.3,73.5
22,9.6,37.1,33.2,20,53.2
22,7.9,34.6,38.8,18.7,57.5
22,6.6,32.2,40.9,20.2,61.1
22,10.6,22.9,45.8,20.7,66.4
22,8,20.9,46.8,24.4,71.2
22,4.2,15.5,53.5,26.8,80.3
22,2.3,11.8,55.3,30.6,85.9
22,7.9,31.9,34,26.1,60.1
22,7,29.7,39.1,24.2,63.3
22,6.6,27.7,37.7,28,65.7
23,13.1,20.5,50,16.3,66.4
23,9.2,18.2,53.4,19.2,72.6
23,7.9,17.9,64.2,9.9,74.2
23,3.7,15,68.5,12.9,81.3
23,26.4,43.7,21.7,8.2,29.9
23,27.1,44.6,25.5,2.8,28.3
23,26.8,43.3,27.1,2.9,30
23,16,27.7,44.1,12.2,56.3
23,11.9,25,49.9,13.3,63.2
23,11.1,25.1,52.1,11.7,63.8
23,9.6,19.8,53.7,16.8,70.5
23,14.5,52.1,25.4,8,33.4
23,14.3,48.7,29.6,7.5,37.1
23,13.8,49.2,31.4,5.6,37
23,19.5,33,39,8.5,47.4
23,13.8,33.6,40.5,12.1,52.6
23,10.8,27.8,53,8.4,61.4
23,5.5,23.6,54.4,16.5,70.9
23,16,49.3,27.9,6.8,34.7
23,14.2,43.6,33.7,8.5,42.2
23,15.7,40.8,32.2,11.3,43.5
23,16,28.3,47.6,8.1,55.7
23,12.8,26.7,43.4,17.1,60.5
23,9.5,25.3,50.8,14.4,65.2
23,7.8,22.9,56,13.3,69.3
23,13.5,45.3,29,12.2,41.2
23,16,45,29.3,9.8,39.1
23,16,44,28.5,11.4,40
23,16.5,41.5,38.8,3.2,42
23,13.1,32.7,43.3,10.9,54.2
23,6.7,32.9,50.4,10,60.4
23,3.3,23.1,61.8,11.8,73.6
23,18,46.5,27,8.5,35.5
23,15.3,43.6,28.3,12.9,41.2
23,16.9,42.3,27.9,12.9,40.8
23,26.5,40.3,29.8,3.3,33.1
23,18.2,41,36.1,4.7,40.8
23,13.7,36.5,44.7,5.1,49.8
23,6.3,36.6,51.3,5.8,57.1
23,18.4,51.8,25.3,4.5,29.9
23,18.5,46.6,29.6,5.4,34.9
23,13.7,50.4,29.8,6.2,36
23,17.9,32.2,41.5,8.3,49.8
23,13.4,30.1,44,12.6,56.5
23,9.9,28,52.2,9.9,62
23,6,23.9,57.5,12.5,70
23,17.7,48.1,26.2,8.1,34.3
23,17.5,45.3,29.2,7.9,37.2
23,17,45.2,29.4,8.5,37.8
24,5.6,12.3,50.9,31.2,82.1
24,3.8,9,52.8,34.4,87.2
24,1.4,6.6,64.7,27.3,92
24,0.8,5.9,64.2,29,93.3
24,8.2,29.7,36.6,25.6,62.1
24,6.5,31,49.3,13.3,62.5
24,6.4,28.6,50.6,14.4,65
24,6.8,15.7,51.7,25.7,77.4
24,5.5,13.3,50.4,30.9,81.2
24,4.4,11.1,54.9,29.6,84.5
24,2.6,7.4,49.4,40.6,90
24,4.9,28.5,37.1,29.5,66.6
24,3.5,24.6,40.5,31.4,71.8
24,3.1,22,40,34.9,75
24,8.6,22.7,49.1,19.5,68.7
24,5.3,15.7,51.4,27.5,78.9
24,2.8,10.3,53.6,33.2,86.8
24,1.5,8.9,48.6,41,89.6
24,4.1,26,40.6,29.3,69.9
24,5,24,42.6,28.5,71.1
24,4.7,20.9,39.8,34.6,74.4
24,13.4,27.6,46.5,12.6,59.1
24,8.4,21,50.3,20.3,70.6
24,4.6,15.5,51.5,28.4,79.9
24,3.1,11.8,53.8,31.4,85.2
24,7.6,32.3,31.6,28.5,60.1
24,7,26.9,37.6,28.5,66.1
24,7.6,25.6,34.7,32.1,66.9
24,13.8,37.8,40,8.4,48.4
24,7,29.2,48.1,15.8,63.8
24,3.8,20.1,53.5,22.6,76.1
24,1.2,11,57.4,30.4,87.8
24,7.5,29.6,32.7,30.3,63
24,7.1,28.5,34.6,29.8,64.4
24,6.2,26.1,34.1,33.6,67.7
24,19.1,36.7,35.2,9,44.2
24,13.7,34.7,40,11.7,51.7
24,5.5,23.3,54.5,16.8,71.2
24,2.9,17.2,59.3,20.7,80
24,8.6,31.1,35.5,24.7,60.2
24,6.9,30.3,41.1,21.8,62.9
24,4.9,27.6,43.6,23.8,67.4
24,11.1,25.3,45.6,17.9,63.5
24,7.3,20.4,48.8,23.5,72.3
24,3.8,14.4,55.5,26.3,81.8
24,2,10.3,55.6,32.1,87.7
24,6.8,29.5,35.8,27.9,63.7
24,6,27.6,41.2,25.3,66.5
24,5.4,25.1,40.8,28.7,69.4
25,2,6.1,47.9,44,91.9
25,1.4,4.7,44.9,49.1,93.9
25,1.4,4,55.5,39.2,94.7
25,0.6,2.3,59,38.2,97.1
25,5.1,24.6,35.8,34.5,70.3
25,3.4,20.8,51.5,24.3,75.8
25,2.9,18,54.2,25,79.1
25,4,8.6,47.1,40.3,87.4
25,2.3,7,47.8,42.9,90.6
25,1.9,6.7,48.3,43.1,91.4
25,1.4,3.9,45.4,49.3,94.7
25,2,20.7,37.3,40,77.3
25,1.8,16.3,37.7,44.2,81.9
25,1.4,13.1,35.5,50,85.5
25,4.5,13.4,53,29.2,82.2
25,3.1,9,50,37.9,87.9
25,1.5,5.7,47.1,45.7,92.8
25,0.8,4.5,41.5,53.2,94.7
25,2.1,19,42.7,36.2,78.8
25,2.2,17.2,42.4,38.3,80.7
25,2.5,14.5,35.1,48,83.1
25,4.4,15.5,51.4,28.7,80.1
25,3,8.3,49.6,39,88.7
25,2.4,9.1,44.9,43.5,88.4
25,1.6,7.2,46.2,44.9,91.1
25,4.4,21.5,36.7,37.4,74.1
25,3.8,20.2,35.3,40.7,75.9
25,3.4,18.2,31.7,46.7,78.4
25,6.7,26.3,50.2,16.8,67
25,3.8,17.6,49.6,29,78.6
25,1.6,9.2,48.9,40.3,89.2
25,0.6,6.3,47,46.1,93.1
25,3.8,19.4,33.4,43.4,76.8
25,3.9,19.1,33.1,43.9,76.9
25,3.8,18.1,33.3,44.8,78.2
25,11.2,27.8,42.2,18.8,61
25,6.1,24.7,49.5,19.6,69.2
25,3.8,17.5,52.9,25.8,78.8
25,1.5,9.7,56.5,32.3,88.8
25,4.9,24.5,35.6,34.9,70.6
25,4.2,20.6,40.7,34.5,75.2
25,3.1,22.7,43.4,30.8,74.2
25,5.5,16.4,48.7,29.5,78.2
25,3.3,12.1,48.6,36,84.6
25,2.1,8.8,49.6,39.4,89.1
25,1.1,5.7,49.4,43.9,93.3
25,3.7,21.6,36.9,37.8,74.6
25,3.2,19.1,40.2,37.5,77.7
25,2.8,17.4,38.9,40.8,79.7
26,0.7,2.5,40.3,56.4,96.8
26,0.8,2.5,38,58.7,96.7
26,0.5,1.5,43,54.9,98
26,0.1,0.6,44.5,54.8,99.3
26,1.5,12.3,34.8,51.4,86.2
26,1.5,10.4,55.2,32.9,88.1
26,1.1,11.1,55.7,32.2,87.9
26,2.3,4.2,40.8,52.6,93.5
26,0.9,3,37.2,58.9,96.1
26,0.8,2.1,34.6,62.4,97.1
26,0.5,2,25.5,72,97.5
26,1,8,32.4,58.6,91
26,0.9,8.6,30.1,60.4,90.5
26,1,6.5,26.9,65.6,92.4
26,1.1,6.3,43.6,49,92.6
26,1.3,3.8,41.7,53.2,95
26,0.6,2.3,38.7,58.3,97
26,0.6,1.3,30.7,67.4,98.1
26,0.8,8.2,36.1,54.9,91
26,1.3,7.5,34.1,57.1,91.2
26,1.8,6.7,28.5,63,91.5
26,3.2,12.4,49.9,34.6,84.4
26,1.8,6.6,45.2,46.4,91.6
26,1.2,5,38.2,55.6,93.9
26,0.7,4.4,37.5,57.4,94.9
26,1.8,13.7,28.7,55.8,84.6
26,1.6,11,31.7,55.7,87.3
26,1.8,7.8,26,64.4,90.4
26,2.7,15.6,50.9,30.8,81.7
26,1.3,10.3,43.9,44.4,88.3
26,0.7,5.4,38.3,55.6,93.8
26,0.5,3.3,37.1,59.1,96.2
26,2,12.9,25.3,59.8,85
26,2.1,9.4,26.3,62.2,88.5
26,2.1,9.4,25.3,63.1,88.5
26,6.2,19.8,46.9,27.1,74
26,2.5,15.5,49.3,32.8,82
26,2,9.7,46.3,42.1,88.4
26,0.9,4.8,50.4,43.9,94.3
26,2.4,17.3,37.4,42.9,80.3
26,2,12.5,38.3,47.3,85.5
26,1.8,13.7,36.5,48,84.5
26,2.9,10.7,45.7,40.7,86.5
26,1.5,7.2,42.8,48.5,91.3
26,1,4.6,40,54.5,94.5
26,0.6,2.9,38.1,58.5,96.6
26,1.6,12.3,32.4,53.8,86.1
26,1.6,9.9,35.6,52.9,88.5
26,1.6,9.3,32.9,56.2,89.1
27,5.9,11.6,53.3,29.3,82.6
27,4.2,10,48.2,37.6,85.8
27,2.3,7.6,63.5,26.6,90.1
27,1.4,5.8,64.9,27.9,92.8
27,9.6,32.1,35.4,22.9,58.3
27,9.2,34.6,45.1,11.1,56.2
27,8.4,31.2,49.2,11.2,60.4
27,7.1,14.3,50.3,28.3,78.6
27,5.9,13.8,50.1,30.2,80.3
27,5.3,10.9,50.7,33.1,83.8
27,3.7,7.4,48.9,40,88.9
27,5.3,32,35.2,27.5,62.7
27,4.5,27,40.2,28.2,68.5
27,4.7,28.3,38.1,29,67
27,7.9,20,46.6,25.5,72.1
27,5.3,14.6,51.4,28.7,80.1
27,3.1,11.7,55.9,29.4,85.2
27,2,9.6,47.8,40.6,88.4
27,5.7,30,37.3,27,64.3
27,5.2,26.3,43.4,25.2,68.6
27,5.5,23.9,39.5,31.1,70.6
27,12.9,26.5,45.3,15.2,60.5
27,8.4,17.9,49.8,23.8,73.6
27,6.5,17.2,50.9,25.4,76.3
27,3.5,14.2,53.6,28.6,82.3
27,9,32.5,30.8,27.7,58.5
27,7.9,29.9,35.7,26.5,62.2
27,7.9,27.1,32.2,32.9,65
27,15,35.9,38.1,11,49.1
27,8.6,30.2,44.3,16.9,61.2
27,4.7,22.3,52.5,20.4,72.9
27,2.1,13.7,57.8,26.3,84.1
27,9.9,34.2,29.5,26.4,55.9
27,8.7,33.8,31.9,25.6,57.5
27,8.8,30.4,32.2,28.6,60.8
27,22.3,38.3,32,7.3,39.4
27,14,35.6,38.4,12,50.4
27,8.4,27,49.2,15.4,64.6
27,3.7,20.8,57.7,17.9,75.5
27,10.2,39.7,29.7,20.4,50.2
27,9.2,35.6,36.9,18.3,55.2
27,7.8,35.8,37.7,18.7,56.4
27,12,24.7,44.1,19.3,63.4
27,7.8,20.6,46.9,24.6,71.6
27,5.1,16.3,53.7,24.9,78.6
27,2.7,12.1,55.2,30,85.2
27,8.3,33.5,32.9,25.3,58.2
27,7.5,31.3,38.8,22.5,61.3
27,7.2,29.5,38.1,25.2,63.3
28,5.7,12.7,52.5,29.1,81.6
28,3.6,9.8,54.4,32.3,86.7
28,2.3,7.9,61.2,28.6,89.8
28,1.1,7.2,65.4,26.4,91.7
28,9.6,32.3,31.5,26.6,58.1
28,10.2,32,42.3,15.5,57.8
28,9.6,29.3,45.5,15.5,61.1
28,6.5,14.7,51.5,27.2,78.7
28,7.1,14.4,50.6,28,78.5
28,4.8,11.8,51.2,32.3,83.5
28,3.6,9.1,48.9,38.4,87.3
28,7.2,31.5,35.7,25.5,61.2
28,6.3,27.9,36.1,29.8,65.9
28,5.6,27,34.5,32.8,67.3
28,9.5,17.9,49.8,22.8,72.7
28,5.1,15.5,51.2,28.3,79.4
28,3.9,13,53.9,29.2,83.1
28,2.8,10.1,50.7,36.4,87.1
28,6.9,29.4,35.3,28.4,63.7
28,7.2,28.9,39.2,24.7,63.9
28,5.9,23.2,35.6,35.3,70.9
28,10,21.9,47.5,20.5,68.1
28,7.6,17.3,50.8,24.3,75
28,4.7,12.8,49.7,32.8,82.5
28,4,13,49,34,83
28,9.2,30.8,30.8,29.3,60
28,9.9,27.9,33.4,28.8,62.2
28,9.8,27.2,31,32,63
28,11.8,30.9,44.7,12.6,57.4
28,9.7,25.9,45.9,18.6,64.4
28,4.6,20.4,53.3,21.8,75.1
28,1.3,14,58.9,25.8,84.6
28,10.9,33.6,30,25.5,55.5
28,10,31.3,30.2,28.4,58.6
28,9.5,28.3,30.7,31.5,62.2
28,13.6,34.8,38.9,12.6,51.5
28,14.9,32.5,39.6,13,52.6
28,8.5,24.4,49.5,17.6,67.1
28,3.9,21.3,57.8,17.1,74.8
28,10.3,40,28.4,21.3,49.7
28,10.3,35.7,36.4,17.6,54
28,6.8,33.1,37.6,22.5,60.1
28,9.4,21.8,47.7,21.1,68.8
28,7.9,19,48.9,24.2,73.1
28,4.7,14.9,53.2,27.2,80.4
28,2.8,12.3,55.1,29.8,84.9
28,9,32.8,32.1,26.2,58.3
28,8.9,30.5,36.4,24.1,60.6
28,7.9,28,36,28.2,64.2
29,8.7,17.5,54.5,19.3,73.8
29,4.8,14.4,55.4,25.4,80.8
29,3.1,10.3,69.2,17.4,86.7
29,1.3,8.1,71.1,19.5,90.6
29,12.4,40.5,30,17.1,47.1
29,10.7,39.9,42,7.4,49.4
29,11.9,38.3,40.8,8.9,49.8
29,8.1,21.9,52.7,17.3,70
29,7.2,21.3,54,17.6,71.5
29,6.8,16.1,56.5,20.6,77.1
29,4.7,12.8,57.5,25,82.5
29,8.8,43.1,32.7,15.4,48.1
29,7.2,36.2,40.1,16.5,56.6
29,6.7,35.9,38.2,19.2,57.4
29,13.3,27.3,48.1,11.3,59.4
29,6.3,23.7,53.9,16.1,70
29,4.5,18.6,56.9,20,76.9
29,3.1,14.5,57.1,25.3,82.4
29,9.5,40.1,36,14.3,50.3
29,7.7,37.8,39.9,14.6,54.5
29,8.2,32.3,40.9,18.7,59.5
29,14.4,33.2,44.4,8.1,52.5
29,10,24.9,51.3,13.8,65.1
29,7.1,20.1,55.2,17.6,72.8
29,5,19.4,57.8,17.7,75.5
29,15.1,43.1,27.6,14.2,41.8
29,12.6,42.6,32.8,12,44.8
29,11.4,38.9,32.9,16.8,49.8
29,17.9,40.8,36.4,4.9,41.3
29,12.3,35.6,42.7,9.4,52
29,5.9,28.7,54,11.3,65.4
29,1.8,18.5,64.5,15.2,79.7
29,13.7,44.2,29.6,12.5,42.1
29,12.7,44,30.2,13.2,43.4
29,14.2,42,30.6,13.3,43.9
29,24.4,43.8,28.2,3.6,31.8
29,17.8,38.7,37.8,5.7,43.5
29,10.4,35.6,45.3,8.7,54
29,4.4,31.1,55.2,9.3,64.5
29,15.1,49.6,25.9,9.4,35.3
29,13,44.6,33,9.4,42.4
29,9.1,46.8,33.7,10.4,44.1
29,14.4,30.6,44.1,10.8,55
29,9.7,26.4,49.2,14.7,63.9
29,6.3,21.6,56.1,15.9,72
29,3.4,17.4,60.5,18.7,79.2
29,12.4,43.4,30.3,13.8,44.1
29,10.6,40.8,36.4,12.2,48.6
29,10.2,39,36.2,14.5,50.8
30,7.1,11.1,50.4,31.4,81.8
30,4.1,8.9,52,35,87
30,2.4,7.5,63.3,26.8,90.1
30,0.6,5.1,65.5,28.8,94.3
30,8.9,33.8,32.9,24.3,57.2
30,9.2,35,43.7,12.1,55.9
30,7.8,28.9,48.5,14.8,63.4
30,7.6,15,53.5,23.9,77.4
30,6.8,13.6,52.3,27.3,79.6
30,4.7,11.3,55.4,28.6,83.9
30,3.8,8.1,50.6,37.5,88.1
30,5.3,32,35.9,26.8,62.7
30,5,28.6,39.2,27.2,66.4
30,4.6,23.8,38.8,32.8,71.7
30,8.3,22.5,47.5,21.8,69.2
30,5.2,16.6,52.1,26.1,78.2
30,3.8,12.2,55,29,83.9
30,1.5,9.8,51.3,37.4,88.7
30,5.4,27.7,39.9,27,66.9
30,4.7,24.7,41.9,28.7,70.6
30,5.6,24.8,38.9,30.6,69.5
30,12.4,25.1,46.2,16.3,62.5
30,7.2,18.7,50,24.1,74.1
30,4.4,14.9,51.8,28.9,80.7
30,3.7,12.4,52.4,31.5,83.9
30,7.4,28.9,33.3,30.4,63.7
30,6.6,28.9,33.8,30.6,64.5
30,6.6,24.5,33.1,35.8,68.9
30,13.3,33.2,43.3,10.2,53.5
30,7.6,28.3,46.1,18.1,64.1
30,2.9,16.7,53.3,27.1,80.4
30,1,11.4,57,30.6,87.6
30,8.2,28.6,30.9,32.4,63.2
30,5.8,27.1,35.3,31.9,67.1
30,6.3,24.1,34.3,35.2,69.5
30,19.7,35,36.7,8.5,45.3
30,12.9,29.4,46.5,11.1,57.6
30,6.5,25.9,50.5,17.2,67.7
30,2.6,16.6,60.3,20.5,80.8
30,7.1,35.5,34.4,22.9,57.3
30,5.5,30.8,41.3,22.4,63.7
30,4.5,26.3,45.7,23.4,69.2
30,11.4,23.8,46.2,18.6,64.8
30,7.3,19.3,49.8,23.6,73.4
30,4.1,14.7,54.8,26.3,81.1
30,2.2,10.6,56.2,31,87.2
30,7.1,31,34.5,27.3,61.9
30,6.1,29.2,39.2,25.5,64.7
30,5.9,25.4,39.8,28.8,68.7
31,6.7,10.8,48.6,33.9,82.5
31,4,8.7,51.7,35.6,87.3
31,2.3,7.6,61.1,29.1,90.1
31,1.2,5.7,63.5,29.6,93.1
31,8.7,29.1,35,27.2,62.2
31,8.6,28.2,49.7,13.5,63.2
31,8,27.5,50.8,13.8,64.6
31,5.7,12.9,52,29.3,81.4
31,5.4,13.2,51.8,29.6,81.4
31,4.1,10.4,54,31.6,85.6
31,3.7,7.9,47.4,41,88.4
31,5.5,29.9,36.6,28.1,64.7
31,4.9,24,39.8,31.3,71.1
31,4.8,22.1,39.6,33.5,73.1
31,7.3,18.1,50.5,24.2,74.6
31,4,13.5,54.7,27.8,82.5
31,2.9,10.5,53.1,33.4,86.5
31,1.5,7.3,49,42.3,91.2
31,5.1,26.8,39.9,28.2,68.1
31,4.1,23.9,44.4,27.5,72
31,4.9,22.1,39.8,33.2,73
